5.389797877805929893e+00 1.000000000000000000e+00
5.232846755021102858e+00 1.000000000000000000e+00
5.266734295510720365e+00 0.000000000000000000e+00
5.311197833043110883e+00 1.000000000000000000e+00
5.243734926096896842e+00 1.000000000000000000e+00
5.267180521245729885e+00 1.000000000000000000e+00
5.314128018015513710e+00 1.000000000000000000e+00
5.294603678755184895e+00 0.000000000000000000e+00
5.281984485919307026e+00 0.000000000000000000e+00
5.285749527622794375e+00 1.000000000000000000e+00
5.287410412045520758e+00 1.000000000000000000e+00
5.279617524246947191e+00 1.000000000000000000e+00
5.253186224614807998e+00 1.000000000000000000e+00
5.299301462914135286e+00 0.000000000000000000e+00
5.269725487646149453e+00 1.000000000000000000e+00
5.233963779182776221e+00 1.000000000000000000e+00
5.278345471250129428e+00 0.000000000000000000e+00
5.260146225277923193e+00 1.000000000000000000e+00
5.262290223953207224e+00 0.000000000000000000e+00
5.261629521625720507e+00 0.000000000000000000e+00
5.172403982013457302e+00 1.000000000000000000e+00
5.254974457074084171e+00 1.000000000000000000e+00
5.238307572074805130e+00 1.000000000000000000e+00
5.317843529898242494e+00 0.000000000000000000e+00
5.284228817794270228e+00 0.000000000000000000e+00
5.309400212582388257e+00 0.000000000000000000e+00
5.280116577918311904e+00 1.000000000000000000e+00
5.279651289757995691e+00 0.000000000000000000e+00
5.283142695208418615e+00 0.000000000000000000e+00
5.259020997046811807e+00 0.000000000000000000e+00
5.267655543870475299e+00 0.000000000000000000e+00
5.222030099046128804e+00 1.000000000000000000e+00
5.200469963623246983e+00 1.000000000000000000e+00
5.278868441097844588e+00 1.000000000000000000e+00
5.293324203843289055e+00 0.000000000000000000e+00
5.287629242092211967e+00 0.000000000000000000e+00
5.292542876714957600e+00 0.000000000000000000e+00
5.249727262961779495e+00 0.000000000000000000e+00
5.282634452126286462e+00 1.000000000000000000e+00
5.250821910475320209e+00 0.000000000000000000e+00
5.225334848988071990e+00 1.000000000000000000e+00
5.279865869093857356e+00 0.000000000000000000e+00
5.240445276974988964e+00 1.000000000000000000e+00
5.267151111029032329e+00 0.000000000000000000e+00
5.210512190582804237e+00 1.000000000000000000e+00
5.253362154220528879e+00 0.000000000000000000e+00
5.271700753070357237e+00 1.000000000000000000e+00
5.210168922967898908e+00 1.000000000000000000e+00
5.250839138759172187e+00 1.000000000000000000e+00
5.301013843949151649e+00 1.000000000000000000e+00
5.243109597533320176e+00 1.000000000000000000e+00
5.275873968084429322e+00 0.000000000000000000e+00
5.228121481880460664e+00 1.000000000000000000e+00
5.274052677399443390e+00 0.000000000000000000e+00
5.290717968578779740e+00 0.000000000000000000e+00
5.234377738255070689e+00 1.000000000000000000e+00
5.263887546414145469e+00 1.000000000000000000e+00
5.188206460181166157e+00 1.000000000000000000e+00
5.268633967833665999e+00 0.000000000000000000e+00
5.268735983695206571e+00 1.000000000000000000e+00
5.236397255606781265e+00 1.000000000000000000e+00
5.280352122100243406e+00 0.000000000000000000e+00
5.285818919997066878e+00 1.000000000000000000e+00
5.257842798550454333e+00 1.000000000000000000e+00
5.256918092998175140e+00 0.000000000000000000e+00
5.265356660176636616e+00 1.000000000000000000e+00
5.287067364577306527e+00 0.000000000000000000e+00
5.290085018724282051e+00 0.000000000000000000e+00
5.282554465175363312e+00 1.000000000000000000e+00
5.266708417166828582e+00 1.000000000000000000e+00
5.213294954724119634e+00 1.000000000000000000e+00
5.255435648868698628e+00 1.000000000000000000e+00
5.249012343532326597e+00 0.000000000000000000e+00
5.276139679704832552e+00 0.000000000000000000e+00
5.266425047093426848e+00 1.000000000000000000e+00
5.275161130367141737e+00 0.000000000000000000e+00
5.297171153394350185e+00 0.000000000000000000e+00
5.277192612810131855e+00 1.000000000000000000e+00
5.324091423904492082e+00 1.000000000000000000e+00
5.272279342294637239e+00 0.000000000000000000e+00
5.301729383962388908e+00 0.000000000000000000e+00
5.254948229655163061e+00 0.000000000000000000e+00
5.286092851058327824e+00 1.000000000000000000e+00
5.301623955362861018e+00 0.000000000000000000e+00
5.260052923351285159e+00 1.000000000000000000e+00
5.286711905086519003e+00 0.000000000000000000e+00
5.270874809267581007e+00 0.000000000000000000e+00
5.188941343435923947e+00 1.000000000000000000e+00
5.286174487212831785e+00 0.000000000000000000e+00
5.273120805162186286e+00 1.000000000000000000e+00
5.279667341418313953e+00 0.000000000000000000e+00
5.284467382801552482e+00 1.000000000000000000e+00
5.229047313654811902e+00 1.000000000000000000e+00
5.185530224445644265e+00 1.000000000000000000e+00
5.268600225730649456e+00 0.000000000000000000e+00
5.252551364380789067e+00 0.000000000000000000e+00
5.263880323663812533e+00 0.000000000000000000e+00
5.259173545289044682e+00 1.000000000000000000e+00
5.276342595484841524e+00 0.000000000000000000e+00
5.275424163034756475e+00 1.000000000000000000e+00
